Camila,1234
Ariel,1111
Diego,4321